0 0 0 2 3 4
169 8 64 1 3 4
113 107 126 1 2 4
29 31 30 1 2 3
0 0 0 108 6 99
11 237 9 5 109 100
0 0 0 8 9 10
2 188 216 7 9 10
6 11 239 7 8 10
38 15 72 7 8 9
6 238 9 22 26 18
98 83 101 37 32 41
0 14 0 84 86 19
0 13 0 96 87 51
10 16 17 0 172 18
39 15 17 0 33 91
74 15 16 42 75 44
11 89 268 15 22 26
0 20 21 23 22 13
0 19 21 24 22 43
0 19 20 25 22 0
11 19 20 21 26 18
114 24 25 19 26 85
46 23 25 20 26 45
189 23 24 21 26 173
11 23 24 25 22 18
138 0 0 124 135 194
0 0 0 29 156 92
4 31 30 28 157 93
4 29 31 60 61 120
4 29 30 34 38 32
12 31 78 95 37 41
16 39 160 203 0 80
0 35 36 31 38 37
0 34 36 0 39 37
0 34 35 0 40 37
12 34 35 36 32 41
10 39 40 34 31 41
16 38 40 35 33 41
73 38 39 36 66 41
12 38 39 40 37 32
17 0 0 0 76 44
20 254 52 0 45 270
17 261 269 275 42 77
24 46 117 164 43 271
24 127 183 56 249 45
0 0 48 49 54 227
0 47 0 49 122 233
102 47 0 48 103 257
0 0 0 53 326 315
14 0 52 53 105 276
43 51 255 53 118 277
0 51 50 52 145 278
0 0 55 130 226 47
0 0 54 131 296 152
46 236 148 342 251 256
0 58 59 60 62 153
0 57 59 60 192 154
0 57 58 60 65 134
30 57 58 59 61 132
30 64 178 66 60 133
0 214 63 64 222 57
0 62 215 218 221 69
2 209 217 62 228 61
0 70 59 211 66 136
40 73 61 205 65 123
0 71 210 212 76 245
197 331 289 193 213 335
0 70 71 72 63 224
0 69 71 73 65 234
0 69 70 74 67 235
10 73 74 69 220 232
40 72 74 70 66 252
17 72 73 71 75 262
17 74 185 204 76 77
42 75 67 186 198 77
44 75 263 187 207 76
32 83 93 95 79 80
0 88 78 81 97 80
33 91 78 82 125 79
0 84 92 97 79 82
161 85 94 119 81 80
12 98 101 88 78 91
13 110 96 81 86 85
23 114 117 82 84 89
13 99 87 88 84 89
14 102 86 88 96 90
0 83 86 87 79 91
18 100 90 91 86 85
274 265 89 91 87 280
16 83 89 90 88 80
28 112 81 124 93 94
29 113 78 120 92 94
158 115 82 119 92 93
32 101 120 78 121 123
14 104 84 97 87 105
0 96 124 81 79 144
12 83 101 99 107 100
5 86 102 98 108 100
6 89 264 98 99 109
12 98 83 102 95 266
49 99 87 101 103 267
49 102 130 104 122 260
0 96 116 140 103 105
51 96 104 118 145 106
279 283 105 273 118 145
3 113 126 108 109 98
5 110 130 107 109 99
6 114 246 107 108 100
0 111 112 108 114 84
0 110 112 129 147 116
0 110 111 113 115 92
3 107 126 112 115 93
23 127 115 110 109 85
170 114 128 112 113 94
0 111 104 139 129 147
45 85 127 167 118 281
52 117 105 148 145 106
155 165 94 82 143 179
30 126 93 95 132 133
0 122 134 135 95 136
48 121 152 140 103 137
66 95 258 133 146 136
27 138 92 97 135 142
206 80 282 146 180 144
3 113 107 131 240 120
46 114 128 148 150 117
182 115 127 149 151 166
0 111 130 131 147 116
54 108 129 131 248 103
55 126 129 130 242 152
60 120 153 154 134 133
61 120 352 199 123 132
59 121 153 154 132 136
27 138 154 121 124 332
65 121 137 134 334 123
311 122 136 292 293 349
27 139 140 124 135 141
0 138 140 116 152 141
0 138 139 104 122 141
325 138 139 140 328 288
196 124 327 143 144 336
162 119 168 142 144 181
177 97 145 142 143 125
53 144 105 330 118 106
208 125 123 356 201 338
0 111 148 149 129 116
56 127 147 149 150 118
294 128 147 148 151 329
250 127 247 151 148 272
300 128 241 150 149 320
55 153 139 122 131 290
57 152 154 134 132 291
58 135 153 134 132 333
119 165 158 161 162 179
28 0 159 174 157 158
29 169 160 178 156 158
94 170 161 155 156 157
0 171 156 175 160 161
33 172 157 203 159 161
82 173 158 155 159 160
143 155 168 196 177 181
0 171 0 176 186 164
45 173 183 167 163 187
119 155 166 167 168 179
128 182 165 167 168 200
117 164 165 166 168 180
143 162 165 166 167 181
2 188 209 0 170 157
115 189 182 0 169 158
0 0 159 163 172 173
15 188 160 185 171 173
25 189 161 164 171 172
0 0 190 156 192 194
0 176 190 159 203 177
0 175 191 163 198 177
144 175 176 196 162 206
61 157 209 205 192 199
119 155 165 199 180 181
125 206 179 167 201 181
143 162 179 168 202 180
128 170 183 184 346 166
46 189 182 184 360 164
339 0 182 183 340 348
75 172 220 204 186 187
76 163 185 210 198 187
77 164 185 259 207 186
8 169 216 0 189 172
25 170 183 0 188 173
0 191 174 175 211 194
0 190 0 176 212 195
58 174 214 211 178 193
68 197 192 284 213 202
27 195 174 190 196 197
324 194 0 191 196 197
142 194 195 162 177 197
68 194 195 193 213 196
76 176 204 212 186 207
133 178 179 200 201 202
323 308 166 199 201 202
146 208 180 199 200 202
337 193 181 199 200 201
33 204 205 160 175 206
75 203 205 185 198 207
66 203 204 178 211 208
125 203 207 208 180 177
77 206 204 208 187 198
146 206 205 207 201 213
64 169 217 214 243 178
67 0 215 212 186 304
65 190 212 192 205 213
67 191 211 210 198 213
68 197 211 212 193 208
62 0 215 209 230 192
63 0 214 218 231 210
8 217 188 218 219 220
64 216 209 218 219 220
63 216 217 215 219 220
223 216 217 244 218 220
72 216 217 185 218 219
63 0 222 231 223 224
62 297 230 221 228 286
219 239 228 244 221 232
69 0 234 235 232 221
0 0 0 237 226 227
54 225 0 298 248 227
47 225 0 233 257 226
64 240 243 223 222 353
0 295 230 231 341 303
214 222 229 231 243 285
215 221 229 230 244 306
72 239 252 262 224 223
48 234 227 317 257 312
70 233 224 235 252 313
71 253 224 234 262 245
56 0 0 343 251 256
6 238 239 225 246 264
11 237 239 0 249 268
9 237 238 0 223 232
126 228 241 246 242 354
151 301 240 247 242 321
131 299 240 241 248 314
209 228 347 244 230 309
219 223 362 243 231 259
67 253 235 305 287 263
109 237 247 240 248 264
150 250 246 241 248 272
130 226 246 247 242 260
46 238 250 361 251 271
150 249 247 302 251 272
56 249 236 250 344 256
73 266 232 262 234 258
0 235 0 316 261 245
43 0 255 0 256 270
52 254 0 0 256 277
56 254 236 255 345 251
49 267 227 276 233 260
123 252 266 355 359 351
187 263 363 244 310 307
103 257 267 248 273 350
44 262 269 275 253 263
74 261 232 252 235 263
77 261 262 259 357 245
100 237 265 266 267 246
90 274 264 266 267 280
101 252 264 265 267 258
102 257 264 265 266 260
18 238 274 269 270 271
44 268 261 275 270 271
43 268 254 277 269 271
45 268 249 281 269 270
150 250 281 247 322 273
106 279 283 260 272 319
90 265 268 275 276 280
44 274 261 269 278 282
51 274 257 277 278 279
52 270 276 255 278 279
53 275 276 318 277 279
106 283 276 273 277 278
90 274 265 281 282 283
117 271 280 272 282 283
125 275 280 358 281 283
106 279 280 273 281 282
193 289 0 285 304 308
230 284 286 303 306 309
222 291 297 285 313 353
245 289 316 313 305 357
141 325 332 290 293 328
68 324 331 284 287 335
152 296 291 288 292 314
153 286 290 333 292 352
137 311 290 291 293 349
137 311 288 334 292 349
149 339 0 342 300 329
229 0 297 0 341 303
55 297 0 298 299 290
222 296 295 298 299 286
226 296 297 0 299 312
242 296 297 301 298 314
151 346 301 302 294 320
241 300 347 302 299 321
250 300 361 301 344 322
229 0 295 285 306 341
210 305 0 306 284 307
245 304 0 306 287 307
231 304 305 303 285 307
259 304 305 363 306 310
200 323 346 309 310 284
243 308 353 347 310 285
259 308 357 363 309 307
137 312 313 292 293 349
233 311 313 298 317 350
234 311 312 286 287 351
242 290 299 354 321 350
50 316 317 0 318 326
253 315 317 0 318 287
233 315 316 0 318 312
278 315 316 317 0 319
273 330 318 358 350 322
151 300 323 321 322 329
241 320 301 354 322 314
272 320 302 358 321 319
200 308 320 352 356 337
195 325 0 326 327 289
141 324 0 326 328 288
50 324 325 0 330 315
142 324 328 329 330 336
141 325 327 329 330 288
149 294 327 328 330 320
145 326 327 328 329 319
68 332 289 333 334 335
135 331 288 333 334 336
154 331 332 291 334 337
136 331 332 293 333 338
68 336 331 289 337 338
142 335 332 327 337 338
202 335 336 333 323 338
146 335 336 334 356 337
184 0 294 342 340 348
184 339 341 346 360 348
229 340 295 347 362 303
56 339 343 294 344 345
236 342 0 0 344 345
251 342 361 343 302 345
256 342 0 343 0 344
182 300 347 360 340 308
243 346 301 362 341 309
184 339 0 0 0 340
137 311 350 351 292 293
260 349 312 351 314 319
258 349 313 350 355 359
133 353 354 323 355 291
228 352 354 309 355 286
240 352 353 321 355 314
258 352 353 354 359 351
146 357 358 359 323 338
263 356 358 359 310 287
282 356 357 359 322 319
258 356 357 358 355 351
183 361 362 346 340 363
249 360 362 302 344 363
244 360 361 347 341 363
259 360 361 362 310 307
