20 21 22 13 11 12
20 21 22 9 11 12
20 21 22 9 13 12
20 21 22 9 13 11
20 22 17 15 13 12
20 22 17 9 15 12
19 20 22 15 11 12
19 20 22 9 11 12
19 20 22 9 15 12
19 20 22 9 15 11
19 22 17 9 15 12
18 20 22 9 15 13
3 22 17 15 14 13
3 18 17 15 14 13
3 19 22 9 15 11
3 18 22 9 15 11
3 18 19 9 15 11
3 19 22 17 9 15
3 22 17 15 14 12
3 19 17 15 14 12
3 19 22 15 14 12
3 19 22 17 15 12
3 22 17 9 14 12
3 19 17 9 14 12
3 19 22 9 14 12
3 19 22 17 9 12
10 18 21 16 14 13
10 21 22 14 13 11
10 21 22 9 13 11
10 20 21 9 13 11
10 20 22 9 13 11
10 18 20 22 9 13
10 3 18 22 9 11
10 20 22 15 13 11
10 18 22 15 13 11
10 18 20 15 13 11
10 18 20 22 15 13
10 20 22 9 15 11
10 18 22 9 15 11
10 18 20 9 15 11
10 18 20 22 9 15
7 3 18 19 15 11
7 3 19 17 15 14
7 3 18 19 9 15
7 3 19 17 9 14
7 19 17 9 14 12
6 20 17 16 15 13
6 18 20 16 15 13
6 18 20 17 15 13
6 7 18 16 15 14
6 3 18 17 15 14
6 7 3 17 15 14
6 7 3 18 15 14
6 20 17 16 13 12
6 20 21 16 13 12
6 7 19 17 14 12
5 20 21 16 13 11
5 10 21 16 13 11
5 10 20 16 13 11
5 10 20 21 13 11
5 10 20 21 9 11
5 20 21 16 11 12
5 19 20 16 11 12
5 20 21 9 11 12
5 10 18 20 16 11
5 10 18 20 9 11
5 7 18 19 16 11
5 7 10 18 21 16
5 19 20 16 15 11
5 18 20 16 15 11
5 18 19 16 15 11
5 19 20 9 15 11
5 18 20 9 15 11
5 18 19 9 15 11
5 3 18 19 9 11
5 7 3 18 19 11
5 7 3 18 19 9
2 10 18 22 9 13
2 10 3 18 22 13
2 10 3 18 22 9
2 10 3 22 14 13
2 10 3 22 9 14
2 18 22 9 15 13
2 3 22 17 14 13
2 3 22 17 9 14
2 3 22 17 15 13
2 3 18 17 15 13
2 3 18 22 15 13
2 3 22 17 9 15
2 3 18 17 9 15
2 3 18 22 9 15
2 10 21 22 14 13
2 10 21 22 9 13
2 10 21 22 9 14
2 10 18 20 9 13
2 3 18 17 14 13
2 10 3 18 14 13
2 20 22 9 15 13
2 20 22 17 15 13
2 20 22 17 9 15
2 18 20 9 15 13
2 18 20 17 15 13
2 6 18 20 17 13
2 6 18 17 14 13
2 6 3 18 17 14
2 6 7 3 18 17
2 20 22 9 13 12
2 20 22 17 13 12
2 20 22 17 9 12
2 22 17 14 13 12
2 21 17 14 13 12
2 21 22 14 13 12
2 21 22 9 13 12
2 22 17 9 14 12
2 21 22 9 14 12
2 6 21 17 14 13
2 7 3 17 9 14
2 6 7 3 17 14
2 10 3 21 9 14
2 10 20 21 9 13
2 10 18 20 16 13
2 6 18 20 16 13
2 5 10 18 20 9
2 10 18 21 14 13
2 7 10 3 18 9
2 20 21 9 13 12
2 7 17 9 14 12
2 7 21 9 14 12
2 6 21 17 13 12
2 6 20 17 13 12
2 6 20 21 13 12
2 5 10 20 21 13
2 5 10 20 21 9
2 5 10 20 16 13
2 10 18 21 16 13
2 5 10 18 20 16
2 5 6 18 20 16
2 18 21 16 14 13
2 6 21 16 14 13
2 6 18 16 14 13
2 6 18 21 16 14
2 7 10 18 21 14
2 7 10 3 21 14
2 7 10 3 18 14
2 6 7 3 18 14
2 5 7 10 18 9
2 6 21 17 14 12
2 6 7 17 14 12
2 6 7 21 14 12
2 6 7 17 9 12
2 6 7 21 9 12
2 6 20 21 16 13
2 5 20 21 16 13
2 5 10 21 16 13
4 10 3 21 9 14
4 10 21 22 14 11
4 10 21 22 9 11
4 10 21 22 9 14
4 10 3 22 14 11
4 10 3 22 9 11
4 10 3 22 9 14
4 7 10 3 21 14
4 7 3 19 14 11
4 7 3 19 9 14
4 2 3 21 9 14
4 2 7 21 9 14
4 2 7 3 9 14
4 2 7 3 21 14
4 21 22 9 11 12
4 21 22 9 14 12
4 3 19 22 14 11
4 3 19 22 9 11
4 3 19 22 9 14
4 10 21 16 14 11
4 10 3 18 14 11
4 7 3 18 14 11
4 7 10 3 18 14
4 5 10 21 9 11
4 2 10 3 21 9
4 2 7 10 3 9
4 2 7 10 3 21
4 7 21 9 14 12
4 7 19 9 14 12
4 7 19 21 14 12
4 5 3 19 9 11
4 5 7 3 19 11
4 5 7 3 19 9
4 19 22 9 11 12
4 19 22 9 14 12
4 10 18 16 14 11
4 7 18 16 14 11
4 5 10 21 16 11
4 5 7 10 21 16
4 10 18 21 16 14
4 7 18 21 16 14
4 7 10 18 21 14
4 7 10 18 21 16
4 5 7 3 18 11
4 2 5 10 21 9
4 2 5 7 21 9
4 2 5 7 10 9
4 2 5 7 10 21
4 10 3 18 9 11
4 5 3 18 9 11
4 5 10 18 9 11
4 7 10 3 18 9
4 5 7 3 18 9
4 5 7 10 18 9
4 5 21 9 11 12
4 5 7 19 16 11
4 5 10 18 16 11
4 5 7 18 16 11
4 5 7 10 18 16
4 5 21 16 11 12
4 5 19 16 11 12
4 19 20 9 11 12
4 5 20 9 11 12
4 5 19 20 11 12
4 5 19 20 9 12
4 5 19 20 9 11
8 5 19 20 16 12
8 5 20 21 16 12
8 5 19 20 9 12
8 5 19 20 16 15
8 20 17 16 15 12
8 6 20 17 16 12
8 6 20 17 16 15
8 5 20 21 9 12
8 4 19 21 16 12
8 4 5 21 16 12
8 4 5 19 16 12
8 5 19 20 9 15
8 6 18 20 16 15
8 5 18 20 16 15
8 5 18 19 16 15
8 6 19 17 14 12
8 20 17 9 15 12
8 19 17 9 15 12
8 19 20 9 15 12
8 2 20 21 9 12
8 2 6 21 9 12
8 2 6 20 21 12
8 4 5 21 9 12
8 4 5 19 9 12
8 5 7 18 19 16
8 2 20 17 9 12
8 2 6 17 9 12
8 2 6 20 17 12
8 7 19 17 9 12
8 6 7 17 9 12
8 6 7 19 17 12
8 5 18 20 9 15
8 7 18 19 16 15
8 7 19 17 15 14
8 6 7 17 15 14
8 6 7 19 17 14
8 6 18 20 17 15
8 2 5 18 20 9
8 4 5 7 19 9
8 2 6 18 20 17
8 7 18 19 9 15
8 5 18 19 9 15
8 5 7 18 19 9
8 2 20 17 9 15
8 2 18 17 9 15
8 2 18 20 9 15
8 2 18 20 17 15
8 3 19 17 9 15
8 7 3 19 9 15
8 7 3 19 17 15
8 7 3 19 17 9
8 2 6 7 17 9
8 2 6 7 18 17
8 3 18 17 9 15
8 7 3 18 9 15
8 6 3 18 17 15
8 6 7 3 17 15
8 6 7 3 18 15
8 6 7 3 18 17
8 2 3 18 17 9
8 2 7 3 17 9
8 2 7 3 18 9
8 2 7 3 18 17
1 4 5 7 21 16
1 8 4 5 21 16
1 8 5 20 21 16
1 8 5 7 18 16
1 2 6 18 21 16
1 5 7 18 21 16
1 2 6 20 21 16
1 2 5 20 21 16
1 2 5 6 20 16
1 2 5 6 18 16
1 6 7 21 14 12
1 8 19 21 16 12
1 6 20 21 16 12
1 8 20 21 16 12
1 8 6 20 16 12
1 8 6 20 21 12
1 6 7 21 9 12
1 8 6 21 9 12
1 8 6 7 9 12
1 8 4 19 21 16
1 4 5 7 19 16
1 8 5 7 19 16
1 8 4 5 19 16
1 8 4 5 7 19
1 4 5 7 21 9
1 8 4 5 21 9
1 8 4 5 7 9
1 5 6 18 20 16
1 8 6 18 20 16
1 8 5 18 20 16
1 8 2 6 20 21
1 6 7 18 16 15
1 8 7 18 16 15
1 8 6 18 16 15
1 8 6 7 18 15
1 8 2 6 7 18
1 2 6 7 21 9
1 8 2 6 21 9
1 8 2 6 7 9
1 2 5 7 21 9
1 7 18 21 16 14
1 6 18 21 16 14
1 6 7 18 16 14
1 2 7 18 21 14
1 2 6 18 21 14
1 2 6 7 21 14
1 2 6 7 18 14
1 5 10 18 21 16
1 2 10 18 21 16
1 2 5 10 21 16
1 2 5 10 18 16
1 5 7 10 18 21
1 2 7 10 18 21
1 2 5 7 10 21
1 2 5 7 10 18
1 7 19 21 14 12
1 4 7 19 21 12
1 8 4 19 21 12
1 6 7 19 14 12
1 8 6 19 14 12
1 8 6 7 19 12
1 8 6 7 19 14
1 4 7 21 9 12
1 8 4 21 9 12
1 4 7 19 21 14
1 2 5 6 18 20
1 8 2 6 18 20
1 8 2 5 18 20
1 2 5 20 21 9
1 8 5 20 21 9
1 8 2 20 21 9
1 8 2 5 20 9
1 2 5 7 18 9
1 8 5 7 18 9
1 8 2 7 18 9
1 8 2 5 18 9
1 4 7 19 9 12
1 8 7 19 9 12
1 8 4 19 9 12
1 8 4 7 19 9
