-0.18042 0.1715 -0.36634 -0.02879 -0.81158
-0.23399 -0.51475 -0.17507 0.21785 0.038485
0.30301 0.034178 -0.8683 -0.15678 0.35596
0.33416 0.63169 -0.23616 0.42648 0.054301
0.51063 0.22876 0.31207 0.16388 -0.31772
-0.59642 -0.3108 -0.38777 -0.12013 -0.61802
0.16862 0.46911 -0.7203 -0.058063 -0.24625
-0.27628 0.46637 -0.13122 -0.33342 -0.64125
0.045757 0.12776 0.046349 0.15402 0.31932
0.74843 -0.42902 0.063954 0.33268 0.038722
1.0844 0.6261 0.44272 0.34293 0.28
-1.0844 0.6261 0.44272 0.34293 0.28
-0 -1.2522 0.44272 0.34293 0.28
-0 -0 -1.3282 0.34293 0.28
-0 -0 -0 -1.3717 0.28
-0 -0 -0 -0 -1.4
-0.7746 -0.44721 -0.31623 -0.24495 -0.2
0.7746 -0.44721 -0.31623 -0.24495 -0.2
0 0.89443 -0.31623 -0.24495 -0.2
0 0 0.94868 -0.24495 -0.2
0 0 0 0.9798 -0.2
0 0 0 0 1
